-40,160
-39,160
-38,160
-37,160
-36,160
-35,160
-34,160
-33,160
-32,160
-31,160
-30,160
-29,160
-28,160
-27,160
-26,160
-25,160
-24,160
-23,160
-22,160
-21,160
-20,160
-19,160
-18,160
-17,160
-16,160
-15,160
-14,160
-13,160
-12,160
-11,160
-10,160
-9,160
-8,160
-7,160
-6,160
-5,160
-4,160
-3,160
-2,160
-1,160
0,160
1,160
2,160
3,160
4,160
5,160
6,160
7,160
8,160
9,160
10,160
11,160
12,160
13,160
14,160
15,160
16,160
17,160
18,160
19,160
20,160
21,160
22,160
23,160
24,160
25,160
26,160
27,160
28,160
29,160
30,160
31,160
32,160
33,160
34,160
35,160
36,160
37,160
38,160
39,160
40,160
41,160
42,160
43,160
44,160
45,160
46,160
47,160
48,160
49,160
50,160
51,160
52,160
53,160
54,160
55,160
56,160
57,160
58,160
59,160
60,160
61,160
62,160
63,160
64,160
65,160
66,160
67,160
68,160
69,160
70,160
71,160
72,160
73,160
74,160
75,160
76,160
77,160
78,160
79,160
80,160
81,160
82,160
83,160
84,160
85,160
86,160
87,160
88,160
89,160
90,160
91,160
92,160
93,160
94,160
95,160
96,160
97,160
98,160
99,160
100,160
101,160
102,160
103,160
104,160
105,160
106,160
107,160
108,160
109,160
110,160
111,160
112,160
113,160
114,160
115,160
116,160
117,160
118,160
119,160
120,160
121,160
122,160
123,160
124,160
125,160
126,160
127,160
128,160
129,160
130,160
131,160
132,160
133,160
134,160
135,160
136,160
137,160
138,160
139,160
140,160
141,160
142,160
143,160
144,160
145,160
146,160
147,160
148,160
149,160
150,161
151,162
152,163
153,164
154,165
155,166
156,167
157,168
158,169
159,170
160,171
161,172
162,173
163,174
164,175
165,176
166,177
167,178
168,179
169,180
170,181
171,182
172,183
173,184
174,185
175,186
176,187
177,188
178,189
179,190
180,191
181,192
182,193
183,194
184,195
185,196
186,197
187,198
188,199
189,200
190,201
191,202
192,203
193,204
194,205
195,206
196,208
197,209
198,209
199,209
200,209
201,209
202,209
203,209
204,209
205,209
206,209
207,209
208,209
209,209
210,209
211,209
212,209
213,209
214,209
215,209
216,209
217,209
218,209
219,209
220,209
221,209
222,209
223,209
224,209
225,209
226,209
227,209
228,209
229,209
230,209
231,209
232,209
233,209
234,209
235,209
236,209
237,209
238,209
239,209
240,209
241,209
242,209
243,209
244,209
245,209
246,209
247,209
248,209
249,209
250,209
251,209
252,209
253,209
254,209
255,209
256,209
257,209
258,209
259,209
260,209
261,209
262,209
263,209
264,209
265,209
266,209
267,209
268,209
269,209
270,209
271,209
272,209
273,209
274,209
275,209
276,209
277,209
278,209
279,209
280,209
281,209
282,209
283,209
284,209
285,209
286,209
287,209
288,209
289,209
290,209
291,209
292,209
293,209
294,209
295,209
296,209
297,209
298,209
299,209
300,209
301,209
302,209
303,209
304,209
305,209
306,209
307,209
308,209
309,209
310,209
311,209
312,209
313,209
314,209
315,209
316,209
317,209
318,209
319,209
320,209
321,209
322,209
323,209
324,209
325,209
326,209
327,209
328,209
329,209
330,209
331,209
332,209
333,209
334,209
335,209
336,209
337,209
338,209
339,209
340,209
341,209
342,209
343,209
344,209
345,209
346,209
347,209
348,209
349,209
350,209
351,209
352,209
353,209
354,209
355,209
356,209
357,209
358,209
359,209
360,209
361,209
362,209
363,209
364,209
365,209
366,209
367,209
368,209
369,209
370,209
371,209
372,209
373,209
374,209
375,209
376,209
377,209
378,209
379,209
380,209
381,209
382,209
383,209
384,209
385,209
386,209
387,209
388,209
389,209
390,209
391,209
392,209
393,209
394,209
395,209
396,209
397,209
398,209
399,209
400,209
401,209
402,209
403,209
404,209
405,209
406,209
407,209
408,209
409,209
410,209
411,209
412,209
413,209
414,209
415,209
416,209
417,209
418,209
419,209
420,209
421,209
422,209
423,209
424,209
425,209
426,209
427,209
428,209
429,209
430,209
431,209
432,209
433,209
434,209
435,209
436,209
437,209
438,209
439,209
440,209
441,209
442,209
443,209
444,209
445,209
446,209
447,209
448,209
449,209
450,209
451,209
452,209
453,209
454,209
455,209
456,209
457,209
458,209
459,209
460,209
461,208
462,207
463,206
464,205
465,204
466,203
467,202
468,201
469,200
470,199
471,198
472,197
473,196
474,195
475,194
476,193
477,192
478,191
479,190
480,189
481,188
482,187
483,186
484,185
485,184
486,183
487,182
488,181
489,180
490,179
491,178
492,177
493,176
494,175
495,174
496,173
497,172
498,171
499,170
500,169
501,168
502,167
503,166
504,165
505,164
506,163
507,162
508,161
509,160
510,159
511,158
512,157
513,156
514,155
515,154
516,153
517,152
518,151
519,150
520,149
520,148
520,147
520,146
520,145
520,144
520,143
520,142
520,141
520,140
520,139
520,138
520,137
520,136
520,135
520,134
520,133
520,132
520,131
520,130
520,129
520,128
520,127
520,126
520,125
520,124
520,123
520,122
520,121
520,120
520,119
520,118
520,117
520,116
520,115
520,114
520,113
520,112
520,111
520,110
520,109
520,108
520,107
520,106
520,105
520,104
520,103
520,102
520,101
520,100
520,99
520,98
520,97
520,96
520,95
520,94
520,93
520,92
521,91
522,90
523,89
524,88
525,87
526,86
527,85
528,84
529,83
530,82
531,81
531,80
532,79
533,78
534,77
535,76
536,75
537,74
537,73
538,72
538,71
539,70
540,69
540,68
541,67
542,66
542,65
543,64
544,63
545,62
546,61
547,60
548,59
549,58
550,57
550,56
551,55
552,54
553,53
554,52
555,51
556,50
557,49
558,48
559,47
560,46
561,45
562,44
563,43
564,42
565,42
567,41
568,41
569,40
570,40
571,39
572,38
573,37
574,36
575,35
576,34
577,33
578,32
579,31
580,30
581,29
582,28
583,28
584,28
585,28
586,28
587,28
588,28
589,28
590,28
591,28
592,28
593,28
594,28
595,28
596,28
597,28
598,28
599,28
600,28
601,28
602,28
603,28
604,28
605,28
606,28
607,28
608,28
609,28
610,28
611,28
612,28
613,28
614,28
615,28
616,28
617,28
618,28
619,28
620,28
621,28
622,28
623,28
624,28
625,28
626,28
627,28
628,28
629,28
630,28
631,28
632,28
633,28
634,28
635,28
636,28
637,28
638,28
639,28
640,28
641,28
642,28
643,28
644,28
645,28
646,28
647,28
648,28
649,28
650,28
651,28
652,28
653,29
654,30
655,31
656,32
657,33
658,34
659,35
660,36
661,37
662,38
663,39
664,40
665,41
666,42
667,43
668,44
669,45
670,46
671,47
672,48
673,49
674,50
675,51
676,52
677,53
678,54
679,55
680,56
681,57
682,58
683,59
684,60
685,61
686,62
687,63
688,64
689,65
690,66
691,67
692,68
693,69
693,70
693,71
693,72
693,73
693,74
693,75
693,76
693,77
693,78
693,79
693,80
693,81
693,82
693,83
693,84
693,85
693,86
693,87
693,88
693,89
693,90
693,91
693,92
693,93
693,94
693,95
693,96
693,97
693,98
693,99
693,100
693,101
693,102
693,103
693,104
693,105
693,106
693,107
693,108
693,109
693,110
693,111
693,112
693,113
693,114
693,115
693,116
693,117
693,118
693,119
693,120
693,121
693,122
693,123
693,124
693,125
693,126
693,127
693,128
693,129
693,130
693,131
693,132
693,133
693,134
693,135
693,136
693,137
693,138
693,139
693,140
693,141
693,142
693,143
693,144
693,145
693,146
693,147
693,148
694,149
695,150
696,151
697,152
698,153
699,154
700,155
701,156
702,157
703,158
704,159
705,160
706,161
707,162
708,163
709,164
710,165
711,166
712,167
713,168
714,169
715,170
716,171
717,172
718,173
719,174
720,175
721,176
722,177
723,178
724,179
725,180
726,181
727,182
728,183
729,184
730,185
731,186
732,187
733,188
734,189
735,190
736,191
737,192
738,193
739,194
740,195
741,196
742,197
743,198
744,199
745,199
746,199
747,199
748,199
749,199
750,199
751,199
752,199
753,199
754,199
755,199
756,199
757,199
758,199
759,199
760,199
761,199
762,199
763,199
764,199
765,199
766,199
767,199
768,199
769,199
770,199
771,199
772,199
773,199
774,199
775,199
776,199
777,199
778,199
779,199
780,199
781,199
782,199
783,199
784,199
785,199
786,199
787,199
788,199
789,199
790,199
791,199
792,199
793,199
794,199
795,199
796,199
797,199
798,199
799,199
799,200
800,201
801,202
802,203
803,204
804,205
805,206
806,207
807,208
808,209
809,210
810,211
811,212
812,213
813,214
814,215
815,216
816,217
817,218
818,219
819,220
820,221
821,222
822,223
823,224
824,225
825,226
826,227
827,228
828,229
829,230
830,231
831,232
832,233
833,234
834,235
835,236
836,237
837,238
838,239
839,240
840,241
841,242
842,243
843,244
844,245
845,246
846,247
847,248
848,249
849,250
850,251
851,252
852,253
853,254
854,255
855,256
856,257
857,258
858,259
859,260
860,261
861,262
862,263
863,264
864,265
865,266
866,267
867,268
868,269
869,270